query
test
jumbotron
"sf giant"
